ISS (ZARYA)             
1 25544U 98067A   22319.24886947  .00010386  00000+0  18953-3 0  9991
2 25544  51.6435 308.2525 0006914  75.1772 295.1369 15.50015145368616
AEROCUBE 12A            
1 43556U 18046C   22318.84148058  .00028409  00000+0  56663-3 0  9997
2 43556  51.6330 167.5052 0008148 211.8428 148.2068 15.46600267242527
AEROCUBE 12B            
1 43557U 18046D   22318.90469710  .00018897  00000+0  43160-3 0  9994
2 43557  51.6340 174.5843 0007906 207.7968 152.2596 15.42858678242381
LEMUR-2-VU              
1 43558U 18046E   22318.93711051  .00081585  00000+0  89643-3 0  9996
2 43558  51.6314 137.9267 0009387 231.5938 128.4214 15.62424724242928
LEMUR-2-ALEXANDER       
1 43559U 18046F   22318.73261230  .00130901  00000+0  10955-2 0  9990
2 43559  51.6350 134.3568 0009293 248.1194 111.8815 15.69014497242739
LEMUR-2-YUASA           
1 43560U 18046G   22318.78771997  .00110872  00000+0  10241-2 0  9996
2 43560  51.6362 137.7088 0009033 249.8460 110.1564 15.66675241242914
LEMUR-2-TOMHENDERSON    
1 43561U 18046H   22318.78627518  .00048297  00000+0  61925-3 0  9993
2 43561  51.6370 144.4044 0009626 233.3581 126.6527 15.58612749242388
ICS-EF (ISS DEB)        
1 45265U 98067RJ  22318.24904026  .00051655  00000+0  36831-3 0  9990
2 45265  51.6335 271.5098 0006336  71.0495 289.1190 15.73258244155128
RED-EYE 2 (MERLOT)      
1 45800U 98067RM  22317.95144813  .05815982  12230-4  71839-3 0  9998
2 45800  51.6245 247.5715 0003382 216.4846 143.5948 16.35378243137276
RED-EYE 3 (CABERNET)    
1 45809U 98067RN  22318.21629946  .22986766  12640-4  27443-3 0  9997
2 45809  51.6428 246.1186 0003468 234.6112 237.8129 16.49752010136290
ISS DEB                 
1 47853U 98067RZ  22318.32281431  .00012334  00000+0  17409-3 0  9993
2 47853  51.6408 302.1891 0001514 145.8912 214.2177 15.56996958 95234
MMSATS-1                
1 47976U 98067SJ  22319.32489338  .00054266  00000+0  46621-3 0  9994
2 47976  51.6384 282.9700 0003167 100.2465  47.3530 15.68800370 93850
CSS (TIANHE)            
1 48274U 21035A   22319.20477763  .00024198  00000+0  29307-3 0  9996
2 48274  41.4780  18.9531 0009795 293.7189 101.8631 15.60038187 88383
ISS DEB                 
1 48833U 98067SK  22319.23295113  .00411533  81763-4  86264-3 0  9994
2 48833  51.6237 267.4240 0006555 116.3095 243.8588 15.98356366 82913
ISS (NAUKA)             
1 49044U 21066A   22318.49904632  .00010614  00000+0  19360-3 0  9992
2 49044  51.6437 311.9671 0006963  72.9305  70.5920 15.50000173368492
FREGAT DEB              
1 49271U 11037PF  22318.60098319  .00014567  00000+0  36858-1 0  9990
2 49271  51.6959 182.1169 1040896 358.7899   1.0465 11.98760771 65111
1998-067TD              
1 51441U 98067TD  22319.08488380  .09410115  12331-4  75601-3 0  9998
2 51441  51.6071 274.6204 0002682 184.2926 175.8077 16.39172474 45910
PATCOOL                 
1 51442U 98067TE  22318.60238038  .01680747  25325-2  11550-2 0  9998
2 51442  51.6209 277.4345 0006786 120.0097 240.1594 16.16434196 45790
LIGHT-1                 
1 51509U 98067TG  22318.73137079  .00134295  00000+0  76041-3 0  9997
2 51509  51.6385 288.2996 0010305  61.1853 299.0181 15.78087175 44442
IHI-SAT                 
1 52147U 98067TJ  22319.16658680  .02394663  85340-2  18160-2 0  9999
2 52147  51.6176 285.7811 0007953 127.1758 232.9986 16.16511865 36967
KITSUNE                 
1 52148U 98067TK  22319.25145363  .00065829  00000+0  64375-3 0  9993
2 52148  51.6389 296.7895 0006869  87.7431  39.5791 15.65496482 36765
PROGRESS-MS 20          
1 52795U 22059A   22318.49904632  .00010614  00000+0  19360-3 0  9992
2 52795  51.6437 311.9671 0006963  72.9305  70.5920 15.50000173368499
SHENZHOU 14             
1 52797U 22060A   22318.58400067  .00023885  00000+0  28969-3 0  9998
2 52797  41.4778  22.7257 0009807 289.4797 215.2187 15.60006683 88285
ISS DEB                 
1 52952U 98067TP  22318.53211312  .00262726  00000+0  14993-2 0  9999
2 52952  51.6336 302.7366 0010734  84.2707 275.9517 15.77520495 21003
CSS (WENTIAN)           
1 53239U 22085A   22318.58400067  .00023885  00000+0  28969-3 0  9997
2 53239  41.4778  22.7257 0009807 289.4797 215.2187 15.60006683 88287
1998-067TQ              
1 53305U 98067TQ  22319.20811795  .00088431  00000+0  95398-3 0  9996
2 53305  51.6384 304.2642 0008204  77.0048 283.1862 15.62873926 18149
YUZGU 8                 
1 53306U 98067TR  22319.21282591  .00113418  00000+0  11066-2 0  9997
2 53306  51.6376 303.5447 0008521  76.9714 283.2232 15.65304921 18156
1998-067TS              
1 53307U 98067TS  22319.21408939  .00112063  00000+0  10981-2 0  9994
2 53307  51.6367 303.5452 0008632  75.2417 284.9534 15.65201090 18187
YUZGU 9 (RS3S)          
1 53308U 98067TT  22319.21953398  .00109251  00000+0  10830-2 0  9997
2 53308  51.6374 303.5858 0008380  75.7973 284.3953 15.64924770 18217
YUZGU 7 (RS1S)          
1 53309U 98067TU  22319.20514010  .00109837  00000+0  10678-2 0  9991
2 53309  51.6368 303.4845 0008709  79.9061 280.2917 15.65408224 18166
YUZGU 11 (RS5S)         
1 53310U 98067TV  22319.21841109  .00107852  00000+0  10684-2 0  9998
2 53310  51.6371 303.5780 0008379  79.5931 280.6008 15.64947979 18198
YUZGU 12 (RS6S)         
1 53311U 98067TW  22319.25387420  .00121798  00000+0  11589-2 0  9994
2 53311  51.6367 303.0590 0008488  74.0810 286.1121 15.65899481 18221
TSIOLKOVSKY-RYAZAN 1 (*)
1 53312U 98067TX  22319.20435756  .00103110  00000+0  10120-2 0  9994
2 53312  51.6373 303.4852 0008708  81.4964 278.7018 15.65197975 18154
TSIOLKOVSKY-RYAZAN 2 (*)
1 53313U 98067TY  22319.20207483  .00108521  00000+0  10584-2 0  9994
2 53313  51.6377 303.4701 0008267  81.0651 279.1280 15.65337804 18200
YUZGU 10 (RS4S)         
1 53321U 98067TZ  22319.21361217  .00110237  00000+0  10811-2 0  9990
2 53321  51.6371 303.5461 0008517  77.7712 282.4237 15.65189311 18202
YUZGU UA                
1 53322U 98067UA  22319.20807968  .00114672  00000+0  11105-2 0  9992
2 53322  51.6367 303.5081 0008609  77.1494 283.0463 15.65486249 18151
HSU-SAT1                
1 53462U 98067UB  22318.39133414  .00058045  00000+0  70546-3 0  9990
2 53462  51.6379 309.3007 0009453  96.6159 263.5910 15.59948059 14637
FUTABA                  
1 53463U 98067UC  22318.40908064  .00080410  00000+0  89670-3 0  9993
2 53463  51.6367 308.6661 0009996  94.1708 266.0428 15.62042724 14649
TUMNANOSAT              
1 53464U 98067UD  22318.55513926  .00100764  00000+0  10277-2 0  9990
2 53464  51.6364 307.3906 0010671  93.0885 267.1331 15.64216764 14678
1998-067UE              
1 53767U 98067UE  22318.44078734  .00046368  00000+0  63672-3 0  9994
2 53767  51.6413 310.3936 0005480 105.6045 254.5552 15.56832990 10741
BEAVERCUBE              
1 53768U 98067UF  22318.25352856  .00044068  00000+0  60677-3 0  9991
2 53768  51.6399 311.3876 0004523  86.3934 273.7575 15.56788430 10723
CLICK-A                 
1 53769U 98067UG  22319.23719126  .00078947  00000+0  97259-3 0  9997
2 53769  51.6450 305.9783 0005734  97.0891 263.0755 15.59495193 10887
1998-067UH              
1 53770U 98067UH  22319.23471433  .00112520  00000+0  12091-2 0  9991
2 53770  51.6384 305.1921 0008533  94.1277 266.0693 15.62862304 10898
JAGSAT                  
1 53771U 98067UJ  22318.45023971  .00117735  00000+0  12239-2 0  9992
2 53771  51.6382 308.9511 0008892  90.1215 270.0799 15.63682400 10765
ISS DEB                 
1 53772U 98067UK  22319.18846461  .00074018  00000+0  92773-3 0  9999
2 53772  51.6389 306.3810 0008512  81.8054 278.3904 15.59044722 10868
SOYUZ-MS 22             
1 53879U 22116A   22318.49904632  .00010614  00000+0  19360-3 0  9990
2 53879  51.6437 311.9671 0006963  72.9305  70.5920 15.50000173368493
CREW DRAGON 5           
1 53963U 22124A   22318.49904632  .00010614  00000+0  19360-3 0  9993
2 53963  51.6437 311.9671 0006963  72.9305  70.5920 15.50000173368497
PROGRESS-MS 21          
1 54155U 22140A   22318.49904632  .00010614  00000+0  19360-3 0  9995
2 54155  51.6437 311.9671 0006963  72.9305  70.5920 15.50000173368491
MENGTIAN                
1 54216U 22143A   22318.58400067  .00023885  00000+0  28969-3 0  9998
2 54216  41.4778  22.7257 0009807 289.4797 215.2187 15.60006683 88283
CYGNUS NG-18            
1 54232U 22149A   22318.49904632  .00010614  00000+0  19360-3 0  9990
2 54232  51.6437 311.9671 0006963  72.9305  70.5920 15.50000173368497
TIANZHOU-5              
1 54237U 22152A   22318.58400067  .00023885  00000+0  28969-3 0  9991
2 54237  41.4778  22.7257 0009807 289.4797 215.2187 15.60006683 88286
2022-152B               
1 54238U 22152B   22317.59206744 -.00002470  78170-5  00000+0 0  9997
2 54238  41.8191  28.2331 0110906 189.9453 322.0923 16.07382287   233
2022-152C               
1 54239U 22152C   22317.64998368 -.00002463  77916-5  00000+0 0  9993
2 54239  41.7341  27.7199 0089302 198.1293 297.7325 16.10213745   235
CZ-7 R/B                
1 54240U 22152D   22319.24984339  .10007474  82552-5  20116-3 0  9999
2 54240  41.4562  16.6255 0006771 260.8925 104.4457 16.46752422   528
2022-152E               
1 54241U 22152E   22317.57205315 -.00002480  78482-5  00000+0 0  9999
2 54241  41.0899  28.3371 0115404 161.7471 312.9570 16.37178695   207
2022-152F               
1 54242U 22152F   22317.63703031  .34469145  72857-5  26005-2 0  9992
2 54242  41.3088  27.8107 0046962 158.9813 322.3362 16.34161841   219
